0.3471
0.3677
0.3896
0.4128
0.4373
0.4633
0.4909
0.5201
0.5510
0.5838
0.6185
0.6553
0.6942
0.7355
0.7792
0.8256
0.8747
0.9267
0.9818
1.0402
1.1020
1.1675
1.2370
1.3105
1.3884
1.4710
1.5585
1.6511
1.7493
1.8533
1.9635
2.0803
2.2040
2.3351
2.4739
2.6210
2.7769
2.9420
3.1169
3.3023
3.4986
3.7067
3.9271
4.1606
4.4080
4.6701
4.9478
5.2420
5.5537
5.8840
6.2339
6.6045
6.9973
7.4134
7.8542
8.3212
8.8160
9.3402
9.8956
10.4841
11.1075
11.7680
12.4677
13.2091
13.9945
14.8267
15.7083
16.6424
17.6320
18.6805
19.7913
20.9681
22.2150
23.5359
24.9354
